2262 2302  -1.33082000
2870 2934  -1.64791000
2498 2573  -1.69584000
2018 2262  -1.70036000
3218 3280  -1.70985000
 918  989  -1.89050000
1166 1216  -1.91329000
 265  342  -1.98036000
2791 2862  -2.03056000
1390 1445  -2.05031000
2015 2261  -2.19196000
3153 3220  -2.22673000
1421 1476  -2.24505000
3071 3094  -2.38383000
1929 2368  -2.44914000
3194 3265  -2.49672000
2758 2826  -2.53537000
 457  492  -2.57893000
1404 1458  -2.64129000
 952 1020  -2.66048000
2060 2139  -2.66951000
 516  583  -2.70691000
 933 1002  -2.80255000
2543 2636  -2.85419000
2067 2134  -2.87314000
 968 1038  -3.00369000
 758  820  -3.11599000
2229 2354  -3.20008000
1443 1509  -3.25940000
1069 1086  -3.27971000
1610 2977  -3.28810000
1573 2983  -3.29432000
2589 2672  -3.35303000
2063 2098  -3.41096000
2663 2738  -3.52603000
1453 1529  -3.54310000
  31 1577  -3.57381000
1745 1819  -3.58156000
2258 2313  -3.65919000
1606 3022  -3.66505000
 221  290  -3.75405000
1359 1410  -3.76779000
1941 1993  -3.78502000
1431 1498  -3.78819000
2817 2898  -3.91288000
2527 2618  -3.91345000
2810 2876  -3.93787000
2838 2909  -3.97098000
1983 2007  -4.00809000
 480  543  -4.05000000
1054 1114  -4.13850000
2198 2242  -4.15260000
2791 2866  -4.22840000
2892 2954  -4.29628000
 285  367  -4.32443000
 635  693  -4.39539000
2907 2943  -4.39905000
1122 1169  -4.40409000
  40 1543  -4.52933000
3240 3320  -4.57008000
1357 1423  -4.59218000
1470 1518  -4.59619000
1681 3052  -4.62340000
1434 2834  -4.68060000
 726  794  -4.74149000
2613 2691  -4.77459000
 789  829  -4.81824000
  23 1594  -4.82376000
 987 1060  -4.90745000
2262 2305  -4.93414000
1948 1999  -4.96495000
2263 2319  -5.23505000
1925 2372  -5.23602000
2513 2597  -5.30512000
1676 3081  -5.35643000
 770  841  -5.36284000
1647 3020  -5.49431000
3163 3233  -5.49841000
2063 2122  -5.53229000
1087 1157  -5.56804000
3123 3182  -5.59845000
  71 1585  -5.61389000
1783 1858  -5.64411000
 892  956  -5.66191000
3178 3245  -5.67540000
2567 2654  -5.75780000
 238  309  -5.83238000
1901 2048  -5.92148000
  52 1222  -6.03071000
2632 2706  -6.05616000
1371 1436  -6.11160000
 455  504  -6.11275000
 436 1285  -6.16201000
 405 1247  -6.23107000
 441 1242  -6.28358000
  47 1266  -6.30679000
  90 1261  -6.36159000
2859 2923  -6.40821000
 906  973  -6.42141000
  66 1627  -6.44487000
3137 3202  -6.51571000
1557 2970  -6.53954000
2466 2531  -6.59138000
 736  811  -6.68014000
 466  521  -6.68420000
1016 1098  -6.76658000
1641 3056  -6.77003000
3118 3232  -6.78352000
2772 2847  -6.97144000
 248  327  -7.15103000
2483 2551  -7.39453000
 997 1077  -7.46775000
1069 1128  -7.65287000
 109 1622  -7.85451000
 104 1664  -7.97963000
